Time (sec),Pressure (psia),Thrust (lbf),Mass Flowrate
0,14.69,258363.00,-   
0.1,54.834,413976.90,948.52 
0.2,463.328,1729380.00,5631.86 
0.3,738.475,2758442.80,10049.27 
0.4,864.8,3097800.80,11225.05 
0.5,911.224,3199761.00,11947.91 
0.6,925.096,3201148.00,11960.60 
0.7,928.096,3200607.80,11958.30 
0.8,926.375,3208448.30,11965.60 
0.9,921.776,3207159.00,11964.40 
1,918.696,3202401.50,11942.61 
1.5,910.859,3192438.50,11904.03 
2,906.129,3192517.30,11898.14 
2.5,902.991,3196446.00,11910.53 
3,901.093,3204617.50,11935.71 
3.5,900.016,3215572.00,11969.19 
4,899.656,3228038.50,12011.17 
4.5,900.064,3242572.30,12062.84 
5,901.21,3260058.00,12123.00 
5.5,902.799,3279115.50,12185.76 
6,904.328,3295875.80,12242.83 
6.5,905.337,3307800.30,12287.60 
7,905.667,3316234.80,12318.88 
7.5,905.492,3323126.50,12340.87 
8,905.122,3329363.30,12359.65 
8.5,904.769,3335061.80,12378.84 
9,904.389,3339934.30,12396.63 
9.5,903.778,3343649.00,12409.92 
10,902.791,3346108.80,12417.52 
10.5,901.468,3347467.00,12420.22 
11,899.961,3348018.50,12419.52 
11.5,898.417,3348095.00,12417.52 
12,896.932,3348006.00,12415.32 
12.5,895.558,3348013.80,12413.92 
13,894.316,3348306.30,12413.72 
13.5,893.204,3348987.30,12415.02 
14,892.21,3350084.80,12417.62 
14.5,891.322,3351568.30,12421.32 
15,890.529,3353364.50,12426.01 
15.5,889.818,3355373.50,12431.31 
16,889.177,3357486.50,12437.01 
16.5,888.588,3359600.30,12442.90 
17,888.028,3361632.50,12448.70 
17.5,887.472,3363522.50,12454.10 
18,886.887,3365222.00,12458.79 
18.5,886.244,3366685.50,12462.59 
19,885.517,3367860.30,12465.29 
19.5,884.684,3368677.00,12466.39 
20,883.734,3369039.50,12465.79 
20.5,882.744,3368846.00,12463.29 
21,882.458,3370227.50,12466.79 
21.5,879.502,3363186.00,12441.31 
22,873.92,3345290.30,12371.95 
22.5,864.872,3313843.50,12261.71 
23,855.353,3280489.50,12141.99 
23.5,846.304,3248436.00,12025.86 
24,837.857,3218662.30,11918.12 
24.5,829.937,3191030.80,11818.48 
25,822.456,3165070.50,11725.44 
25.5,815.348,3140417.80,11637.40 
26,808.571,3116850.30,11553.45 
26.5,802.093,3094249.80,11473.00 
27,795.883,3072564.50,11395.54 
27.5,789.913,3051769.80,11321.09 
28,784.153,3031831.80,11249.43 
28.5,778.575,3012668.50,11180.37 
29,773.153,2994129.50,11113.81 
29.5,767.862,2976026.00,11049.15 
30,762.682,2958187.80,10985.89 
30.5,757.595,2940517.50,10923.53 
31,752.588,2923006.80,10861.67 
31.5,747.653,2905696.00,10800.21 
32,742.784,2888628.80,10739.34 
32.5,737.98,2871828.00,10679.18 
33,733.241,2855299.00,10619.92 
33.5,728.565,2839031.30,10561.55 
34,723.951,2823002.50,10504.19 
34.5,719.397,2807183.80,10447.72 
35,714.898,2791541.80,10391.96 
35.5,710.45,2776042.80,10336.79 
36,706.05,2760657.30,10282.12 
36.5,701.694,2745363.00,10227.86 
37,697.381,2730148.80,10173.79 
37.5,693.11,2715018.00,10120.02 
38,688.884,2699993.30,10066.55 
38.5,684.709,2685119.30,10013.49 
39,680.595,2670466.50,9961.12 
39.5,676.555,2656127.50,9909.75 
40,672.607,2642205.00,9859.98 
40.5,668.775,2628795.50,9812.01 
41,665.085,2615976.30,9766.34 
41.5,661.564,2603788.50,9723.06 
42,658.224,2592223.30,9682.29 
42.5,655.062,2581206.50,9643.61 
43,652.05,2570590.30,9606.44 
43.5,649.136,2560202.50,9569.86 
44,646.271,2549973.30,9533.68 
44.5,643.446,2540073.80,9498.40 
45,640.727,2530985.80,9466.42 
45.5,638.246,2522932.30,9438.54 
46,635.904,2514606.50,9409.76 
46.5,632.866,2503106.00,9368.68 
47,628.556,2487994.30,9314.51 
47.5,623.337,2468272.80,9242.86 
48,619.25,2453071.00,9189.09 
48.5,614.813,2436908.30,9129.93 
49,611.475,2424434.50,9084.55 
49.5,608.941,2415055.50,9052.47 
50,606.961,2408098.50,9029.49 
50.5,605.428,2403198.50,9013.30 
51,604.32,2400093.00,9002.70 
51.5,603.637,2398596.50,8997.71 
52,603.368,2398576.50,8998.31 
52.5,603.486,2399933.50,9004.40 
53,603.953,2402578.50,9015.60 
53.5,604.723,2406410.00,9031.39 
54,605.741,2411294.30,9050.97 
54.5,606.951,2417049.00,9073.56 
55,608.297,2423451.50,9098.25 
55.5,609.726,2430261.80,9124.33 
56,611.191,2437245.30,9150.91 
56.5,612.655,2444197.80,9177.40 
57,614.092,2450968.00,9203.28 
57.5,615.491,2457480.80,9228.37 
58,616.856,2463754.80,9252.65 
58.5,618.198,2469883.80,9276.34 
59,619.533,2475994.50,9300.02 
59.5,620.874,2482200.50,9324.21 
60,622.224,2488557.50,9349.09 
60.5,623.576,2495023.50,9374.48 
61,624.912,2501463.50,9399.46 
61.5,626.207,2507697.50,9423.25 
62,627.434,2513551.30,9445.13 
62.5,628.568,2518909.50,9465.32 
63,629.591,2523749.00,9484.21 
63.5,630.497,2528140.00,9502.30 
64,631.302,2532236.00,9519.69 
64.5,632.053,2536264.00,9536.18 
65,632.835,2540517.30,9551.57 
65.5,633.782,2545342.80,9568.26 
66,635.063,2551079.50,9591.84 
66.5,636.578,2557547.80,9619.73 
67,637.77,2563570.80,9641.51 
67.5,638.571,2568243.50,9657.30 
68,639.355,2571995.80,9673.19 
68.5,640.225,2575789.80,9691.58 
69,641.018,2579909.50,9706.97 
69.5,641.601,2583626.30,9718.17 
70,642.071,2586565.00,9730.46 
70.5,642.636,2589301.50,9744.95 
71,643.358,2592588.80,9759.24 
71.5,643.986,2596388.00,9770.73 
72,644.279,2598994.80,9778.93 
72.5,644.445,2599668.50,9787.23 
73,644.825,2601990.30,9798.22 
73.5,645.306,2605459.80,9808.41 
74,645.579,2607215.80,9814.81 
74.5,645.609,2607741.80,9819.91 
75,645.576,2608508.50,9824.90 
75.5,645.65,2609864.00,9829.90 
76,645.783,2611149.50,9834.30 
76.5,645.628,2611072.30,9835.50 
77,644.704,2608075.50,9826.80 
77.5,642.616,2600709.50,9799.92 
78,639.262,2588065.00,9751.55 
78.5,634.979,2570957.00,9689.18 
79,630.515,2553273.30,9626.12 
79.5,626.669,2538927.30,9572.96 
80,623.739,2528143.50,9531.68 
80.5,621.363,2519012.80,9497.50 
81,618.904,2509473.30,9463.12 
81.5,615.883,2497928.00,9421.65 
82,612.128,2483667.80,9368.78 
82.5,607.814,2467202.30,9306.42 
83,603.384,2450018.30,9241.66 
83.5,599.3,2433817.30,9182.69 
84,595.737,2419689.50,9132.52 
84.5,592.427,2407287.50,9085.75 
85,588.878,2394126.00,9034.19 
85.5,584.731,2377627.00,8973.72 
86,580.007,2358813.50,8905.56 
86.5,574.865,2338823.50,8831.01 
87,569.311,2317012.80,8749.96 
87.5,563.508,2293986.50,8664.11 
88,557.932,2271895.50,8580.66 
88.5,553.144,2253176.50,8510.30 
89,549.53,2239268.80,8459.84 
89.5,547.084,2229899.30,8426.86 
90,545.447,2223580.00,8404.17 
90.5,544.106,2218500.50,8384.68 
91,542.618,2213241.30,8363.89 
91.5,540.778,2206913.80,8339.51 
92,538.596,2199041.50,8310.43 
92.5,536.128,2189428.50,8275.95 
93,533.335,2178028.50,8235.47 
93.5,530.077,2164843.00,8187.80 
94,526.248,2149946.50,8132.04 
94.5,521.914,2133581.50,8068.77 
95,517.377,2116263.80,8001.82 
95.5,513.015,2098882.00,7937.25 
96,509.066,2082675.90,7879.79 
96.5,505.57,2068560.80,7829.52 
97,502.429,2056377.30,7783.95 
97.5,499.468,2045168.40,7740.57 
98,496.501,2033844.50,7697.00 
98.5,493.384,2021720.50,7651.53 
99,490.057,2008590.50,7603.06 
99.5,486.524,1994569.50,7551.49 
100,482.825,1979923.50,7497.02 
100.5,479.006,1964898.00,7440.36 
101,475.097,1949558.60,7381.89 
101.5,471.089,1933738.60,7321.53 
102,466.92,1917138.10,7258.57 
102.5,462.48,1899452.30,7191.31 
103,457.691,1880511.90,7100.77 
103.5,452.614,1860445.10,7006.02 
104,447.482,1839842.80,6909.08 
104.5,442.597,1819917.30,6814.14 
105,438.185,1802230.00,6726.79 
105.5,434.261,1786995.90,6648.94 
106,430.679,1773031.30,6577.78 
106.5,427.662,1760966.50,6514.02 
107,425.538,1752392.50,6463.45 
107.5,423.813,1745827.30,6436.67 
108,421.285,1736494.50,6400.79 
108.5,416.952,1719276.80,6337.93 
109,410.457,1691630.80,6238.29 
109.5,401.694,1653944.30,6102.17 
110,390.598,1607279.90,5932.78 
110.5,377.281,1550897.80,5733.40 
111,360.997,1481543.60,5489.35 
111.5,340.102,1395192.80,5175.24 
112,314.532,1289476.80,4784.38 
112.5,285.902,1168956.90,4347.85 
113,255.898,1044908.70,3890.03 
113.5,227.487,916845.90,3454.49 
114,203.333,811284.90,3084.42 
114.5,183.127,723534.50,2776.31 
115,165.716,647557.40,2512.77 
115.5,149.977,579755.90,2274.91 
116,135.105,518301.40,2048.65 
116.5,120.877,462425.50,1831.48 
117,107.675,411787.60,1632.20 
117.5,95.928,366021.70,1456.61 
118,84.927,323206.50,1290.01 
118.1,82.626,314448.10,1254.83 
118.2,80.325,305691.60,1219.76 
118.3,78.04,296994.70,1184.88 
118.4,75.785,288412.70,1150.50 
118.5,73.572,279990.30,1116.82 
118.6,71.407,271753.10,1083.84 
118.7,69.291,263700.50,1051.76 
118.8,67.218,255808.80,1020.18 
118.9,65.179,248048.60,989.30 
119,63.169,240400.60,958.82 
119.1,61.187,232859.60,928.73 
119.2,59.236,225431.40,899.25 
119.3,57.317,218129.50,870.17 
119.4,55.436,210971.30,841.79 
119.5,53.598,203975.00,814.00 
119.6,51.806,197156.10,786.92 
119.7,50.064,190525.80,760.74 
119.8,48.373,184091.10,735.35 
119.9,46.734,177855.10,710.77 
120,45.148,171817.80,686.98 
120.1,43.613,165976.50,664.10 
120.2,42.128,160326.50,641.91 
120.3,40.692,154861.40,620.62 
120.4,39.303,149573.70,599.93 
120.5,37.958,144455.60,580.05 
120.6,36.656,139499.20,560.86 
120.7,35.394,134697.20,542.27 
120.8,34.171,130043.50,524.28 
120.9,32.986,125533.20,506.89 
121,31.837,121162.60,490.10 
121.1,30.725,116929.00,473.91 
121.2,29.648,112830.60,458.32 
121.3,28.606,108866.10,443.23 
121.4,27.599,105034.50,428.64 
121.5,26.627,101335.10,414.75 
121.6,25.69,97767.10,401.26 
121.7,24.786,94329.30,388.46 
121.8,23.917,91020.40,376.07 
121.9,23.081,87838.10,364.28 
122,22.277,84779.40,352.98 
122.1,21.505,81840.30,341.09 
122.2,20.762,79015.20,329.30 
122.3,20.048,76298.00,318.01 
122.4,19.361,73681.30,307.11 
122.5,18.698,71157.30,296.52 
122.6,18.057,68718.00,286.43 
122.7,17.436,66355.10,276.53 
122.8,16.833,64060.70,267.04 
122.9,16.246,61827.50,257.74 
123,15.674,59648.70,248.65 
123.1,15.114,57518.70,239.75 
123.2,14.566,55433.10,231.16 
123.3,14.029,53389.00,222.66 
123.4,13.502,51384.90,214.27 
123.5,12.986,49420.60,206.17 
123.6,12.481,47496.80,198.18 
123.7,11.986,45615.00,190.38 
123.8,11.503,43777.30,182.69 
123.9,11.032,41986.00,175.29 
124,10.575,40243.90,168.00 
124.1,10.131,38553.50,161.00 
124.2,9.7,36916.90,154.21 
124.3,9.285,35336.10,147.61 
124.4,8.885,33812.20,141.31 
124.5,8.499,32346.30,135.22 
124.6,8.13,30938.60,129.32 
124.7,7.775,29589.20,123.72 
124.8,7.436,28297.80,118.33 
124.9,7.111,27063.70,113.23 
125,6.802,25886.00,108.33 
125.1,6.507,24763.40,103.64 
125.2,6.226,23694.40,99.14 
125.3,5.959,22677.40,94.84 
125.4,5.705,21710.70,90.85 
125.5,5.464,20792.40,86.95 
125.6,5.234,19920.30,83.25 
125.7,5.017,19092.50,79.75 
125.8,4.81,18306.80,76.35 
125.9,4.614,17561.20,73.16 
126,4.429,16853.70,70.06 
126.1,4.252,16182.30,67.46 
126.2,4.085,15545.00,64.96 
126.3,3.926,14940.10,62.56 
126.4,3.775,14365.60,60.36 
126.5,3.631,13820.00,58.26 
126.6,3.495,13301.40,56.37 
126.7,3.366,12808.30,54.47 
126.8,3.242,12339.10,52.77 
126.9,3.125,11892.30,51.17 
127,3.013,11466.60,49.77 
127.1,2.906,11060.60,48.37 
127.2,2.804,10672.90,47.17 
127.3,2.707,10302.40,45.97 
127.4,2.614,9948.00,44.97 
127.5,2.525,9608.50,43.97 
127.6,2.439,9283.10,43.07 
127.7,2.357,8970.70,42.37 
127.8,2.278,8670.60,41.68 
127.9,2.203,8382.00,41.08 
128,2.13,8104.30,40.58 
128.1,2.059,7836.80,40.18 
128.186,2.001,7614.10,39.88 
